100 663
1 92
1 95
2 67
2 15
2 45
2 92
2 75
2 44
2 96
2 6
2 20
2 18
2 80
2 34
2 56
2 100
2 52
2 62
3 52
3 83
4 10
4 66
4 64
4 39
4 68
4 75
4 16
5 18
5 19
5 23
6 10
6 74
6 66
6 33
6 83
6 21
7 97
7 37
7 34
7 51
7 84
7 64
7 83
8 99
8 15
8 7
8 36
8 75
9 48
9 1
9 61
9 51
9 21
9 25
10 30
10 56
10 35
10 60
10 40
10 11
10 44
10 13
10 24
10 19
10 75
10 16
10 96
10 87
10 2
10 12
10 68
10 3
11 49
11 92
11 79
11 3
11 44
11 25
11 70
11 97
11 94
11 78
11 100
11 17
11 20
11 29
11 13
11 85
11 2
13 60
13 57
13 83
13 77
14 27
14 13
14 86
14 45
14 62
14 78
14 12
14 65
14 42
14 85
14 66
14 79
14 47
14 96
15 60
15 50
16 31
16 32
16 30
16 87
16 74
17 34
17 83
18 57
18 44
18 16
18 71
18 58
18 15
18 9
18 75
19 1
19 12
19 7
19 11
19 73
19 9
19 8
19 46
19 40
19 68
19 22
19 97
19 75
19 66
19 84
19 31
19 37
19 41
20 63
20 59
20 73
20 6
20 13
20 41
20 9
20 86
22 99
22 21
22 43
22 62
22 14
22 1
22 7
22 46
22 67
22 79
22 97
22 34
22 26
23 97
23 75
23 58
23 92
23 71
23 88
23 79
23 83
23 12
23 46
23 21
23 54
23 47
23 86
23 63
23 34
24 6
25 43
25 86
25 44
25 52
25 74
25 98
25 26
25 66
25 46
26 61
27 49
27 47
27 4
27 84
27 55
27 97
27 86
27 95
27 93
27 57
27 13
27 11
27 40
27 78
27 100
27 60
28 80
28 12
28 59
28 81
28 57
28 47
28 58
28 14
28 98
28 96
28 40
28 38
28 71
28 17
28 60
28 64
28 39
28 93
29 40
29 46
29 65
29 20
29 61
29 21
29 80
29 45
30 75
30 50
30 53
30 29
30 61
31 21
31 93
31 50
31 61
31 45
31 80
31 11
31 71
31 63
31 23
31 39
31 47
31 13
31 49
31 6
31 42
31 64
31 51
33 86
33 53
33 88
33 16
33 68
33 52
34 48
34 86
34 66
34 97
34 63
34 71
34 79
34 10
35 37
35 2
35 6
35 73
35 5
35 54
36 42
36 83
36 56
36 44
36 77
36 26
36 53
38 3
38 76
38 48
38 40
38 19
38 84
38 78
38 45
38 97
39 25
39 8
39 57
39 59
39 75
39 74
39 68
39 51
40 35
40 89
40 60
40 21
40 53
40 12
40 73
40 81
41 79
41 67
42 43
42 48
42 29
42 90
42 60
42 76
42 97
42 95
42 55
42 9
42 22
42 25
42 12
42 16
43 3
43 19
43 50
43 91
43 55
43 36
43 32
43 21
43 68
43 95
43 16
43 94
43 10
47 25
47 68
47 86
47 58
49 57
49 41
49 3
49 58
49 69
49 39
49 5
50 11
50 80
50 47
50 13
50 6
50 29
50 46
50 62
50 98
51 14
51 48
51 41
51 38
51 37
51 100
51 46
51 77
51 94
51 64
51 54
51 83
51 4
51 24
51 84
52 36
52 38
52 21
52 91
52 92
52 49
52 83
52 34
52 69
52 72
52 14
52 53
52 32
52 71
52 30
52 98
53 2
53 51
53 92
53 8
53 95
53 61
54 84
54 66
54 93
54 17
54 16
54 26
54 12
54 87
54 96
54 21
54 95
54 71
54 78
54 68
54 89
55 63
55 52
56 31
58 66
58 29
59 32
59 25
59 75
59 55
59 66
59 7
59 48
59 100
59 30
59 93
59 5
59 43
59 35
59 37
59 21
59 13
61 45
62 98
62 8
62 3
62 25
62 94
62 75
62 44
63 48
63 45
63 15
63 37
63 1
63 77
63 44
63 75
64 98
64 96
64 1
64 58
64 66
64 38
64 77
64 27
65 40
65 87
65 37
65 92
65 11
65 36
65 56
65 45
65 54
65 48
65 13
65 38
67 96
68 84
68 35
68 75
68 90
68 69
68 100
68 32
68 88
68 53
68 40
68 98
68 79
69 30
69 4
69 45
69 26
69 3
69 14
69 94
69 72
69 64
69 13
69 46
69 85
69 82
70 18
70 73
70 12
70 86
70 21
70 67
70 62
70 44
70 32
70 59
70 79
70 58
70 90
70 83
70 85
70 40
70 77
70 53
73 92
73 98
73 56
73 44
73 15
73 74
73 49
73 69
73 31
73 34
73 90
73 59
73 75
74 68
74 37
75 79
75 7
75 11
76 47
76 28
76 80
76 90
76 40
76 72
76 92
76 96
76 43
76 78
77 24
77 67
77 93
77 10
77 68
77 6
77 11
77 66
77 18
79 88
79 89
79 1
79 86
79 47
79 38
79 48
79 28
79 99
79 82
80 22
80 3
80 10
80 46
80 42
80 88
80 65
80 40
80 32
81 51
81 90
81 97
81 15
81 35
81 39
81 38
81 43
81 23
81 75
81 24
82 61
85 52
85 35
85 38
85 9
87 91
87 34
87 75
87 66
87 18
87 24
87 3
87 15
89 95
89 15
89 92
89 85
89 64
89 98
89 13
89 87
89 81
89 37
89 78
89 23
89 83
89 90
89 5
89 35
90 25
90 65
90 24
90 59
90 98
90 38
90 44
90 9
91 33
91 51
93 99
93 88
93 85
93 15
93 49
93 5
93 64
93 79
93 18
93 67
93 90
93 44
93 57
93 86
94 37
94 7
94 97
94 60
94 8
94 36
94 67
94 83
94 31
94 34
95 93
95 91
95 100
95 99
95 66
95 74
95 51
95 65
95 64
98 56
98 95
98 7
98 54
98 1
98 71
98 8
99 7
99 65
99 70
99 30
99 96
99 43
100 31
100 57
